% -------------------------------------------------------------------
%  Generated by MATLAB on 24-May-2017 09:54:03
%  MATLAB version: 9.2.0.556344 (R2017a)
% -------------------------------------------------------------------
                                       

maze7x7 = ...
  [1 -50 1 -50 -50 1 -50;
   -50 1 1 -50 -50 -50 1;
   -50 -50 1 1 -50 -50 1;
   -50 1 -50 -50 1 -50 1;
   -50 1 1 -50 -50 -50 1;
   -50 1 1 -50 1 1 -50;
   -50 -50 1 1 -50 1 10];

% -------------------------------------------------------------------
%  Generated by MATLAB on 24-May-2017 09:54:34
%  MATLAB version: 9.2.0.556344 (R2017a)
% -------------------------------------------------------------------
                                 

maze8x8 = ...
  [0 1 -50 -50 1 1 1 -50;
   -50 -50 1 1 -50 -50 -50 -50;
   -50 1 1 -50 1 1 1 1;
   -50 -50 -50 1 -50 -50 -50 1;
   1 -50 1 -50 -50 -50 -50 -50;
   1 1 -50 1 -50 1 1 -50;
   -50 -50 1 -50 1 -50 1 1;
   -50 1 -50 -50 1 1 -50 10];


